function [ys_, params, info] = steadystate(ys_, exo_, params)
% Steady state generated by Dynare preprocessor
    info = 0;
    ys_(1)=.3888022471;
    ys_(2)=0.3649706457925636;
    ys_(3)=19.36773881;
    ys_(4)=.9740708240;
    ys_(5)=.6157691063;
    ys_(6)=1.873004022;
    ys_(7)=.5234555284;
    ys_(8)=ys_(7);
    ys_(9)=.2851451095;
    ys_(10)=.9500000000;
    ys_(11)=.6440021245;
    ys_(12)=.2878444180e-1;
    ys_(13)=ys_(10)/ys_(11);
    ys_(14)=3.140733170;
    ys_(15)=.2090320441;
    ys_(16)=.1801404830;
    ys_(17)=ys_(10);
    ys_(18)=1;
    ys_(19)=.9490780787e-1;
    ys_(20)=.8179003572e-1;
    ys_(21)=.1765297236;
    ys_(22)=ys_(4)*ys_(21);
    ys_(23)=1.024962163;
    ys_(24)=params(8);
    ys_(25)=.2327788399;
    ys_(26)=0;
    ys_(27)=0;
    ys_(28)=0;
    ys_(29)=ys_(3);
    ys_(30)=ys_(12);
    ys_(31)=ys_(7);
    ys_(33)=ys_(8);
    ys_(34)=ys_(4);
    ys_(32)=ys_(10);
    ys_(38)=0;
    ys_(39)=0;
    ys_(40)=0;
    ys_(41)=0;
    ys_(42)=0;
    ys_(43)=0;
    ys_(44)=0;
    ys_(45)=0;
    ys_(46)=0;
    ys_(47)=0;
    ys_(48)=0;
    ys_(49)=0;
    ys_(50)=0;
    ys_(51)=0;
    ys_(52)=0;
    ys_(35)=0;
    ys_(36)=0;
    ys_(37)=0;
    % Auxiliary equations
end
