function [ys_, params, info] = steadystate(ys_, exo_, params)
% Steady state generated by Dynare preprocessor
    info = 0;
    ys_(18)=0;
    ys_(6)=0;
    ys_(19)=params(8);
    ys_(14)=1/params(1);
    ys_(3)=1;
    ys_(10)=ys_(3);
    ys_(12)=.3029941241e-1;
    ys_(21)=ys_(12);
    ys_(11)=.6778969731;
    ys_(16)=1.475150413;
    ys_(15)=.9996337344;
    ys_(17)=.5105201184;
    ys_(13)=ys_(17);
    ys_(22)=ys_(13);
    ys_(9)=.1721673963;
    ys_(8)=ys_(3)*ys_(9);
    ys_(1)=.3383527221;
    ys_(5)=.6321605070;
    ys_(7)=.2798000899;
    ys_(4)=30.93900550;
    ys_(20)=ys_(4);
    ys_(2)=0.3649706457925636;
    % Auxiliary equations
end
