function [ys_, params, info] = steadystate(ys_, exo_, params)
% Steady state generated by Dynare preprocessor
    info = 0;
    ys_(18)=0;
    ys_(6)=0;
    ys_(19)=params(8);
    ys_(14)=1/params(1);
    ys_(3)=1;
    ys_(10)=ys_(3);
    ys_(12)=.1445817972;
    ys_(11)=.7636087617;
    ys_(16)=1.309571144;
    ys_(15)=.8874291610;
    ys_(17)=.4532164376;
    ys_(13)=ys_(17);
    ys_(9)=.1528423488;
    ys_(8)=ys_(3)*ys_(9);
    ys_(1)=.3003740888;
    ys_(5)=.6321605073;
    ys_(7)=.2224964090;
    ys_(4)=49.73078902;
    ys_(2)=0.3649706457925636;
    % Auxiliary equations
end
